1.959160258269744048e+01 5.227305164381688485e+01
2.995806444061724250e+01 5.035978213998097885e+01
1.141164024274186595e+01 4.315376226683353877e+01
2.335925739854832983e+01 6.464621622635662845e+01
1.445925914899727971e+01 4.492388659034068610e+01
1.343989245600942795e+01 5.826814780973235486e+01
1.603071695735327040e+01 5.534845271370463138e+01
2.579211830471688671e+01 2.897340923200491147e+01
1.712139194671560816e+01 3.629881089365589730e+01
2.167244460655350480e+01 4.843655481590398892e+01
1.182110435251582636e+01 5.965373276636459821e+01
2.244732047436718148e+01 4.172481798304789180e+01
2.365460386677291638e+01 3.054595010682231759e+01
1.295352228482033397e+01 6.943495616555264860e+01
1.062330125935901748e+01 3.279312033448148611e+01
2.763632836062845399e+01 4.097323118220273841e+01
1.507689335253783192e+01 6.304176639443639374e+01
1.840269963369872741e+01 3.423772600942290012e+01
2.056779193474294232e+01 5.571620079370512002e+01
2.906399706095602653e+01 3.870526349377420416e+01
1.999751491579031182e+01 6.167352357807163088e+01
2.661666430444890352e+01 2.567606892274877595e+01
2.696278473576581192e+01 6.710412435342814774e+01
1.742803134797031817e+01 2.759578095559983879e+01
2.441890125753513985e+01 4.787673867079388401e+01
