2.279481747678274672e+01 4.768817540249855824e+01
2.693163387873864778e+01 6.401542721982406192e+01
2.905123490054097957e+01 2.814176526495901243e+01
2.206550921641787255e+01 5.389432410834312748e+01
2.036541567219929405e+01 4.257878718535428675e+01
2.416730304365808379e+01 5.215056514316793113e+01
1.814038107138743783e+01 4.659465946885933363e+01
1.606032248222459913e+01 6.844241398219682537e+01
2.798436677993888111e+01 3.047339805209278296e+01
1.129800087813818266e+01 3.731994231063882950e+01
2.810159352462833127e+01 4.094050251884497982e+01
1.407821787193889129e+01 3.801976573619267441e+01
2.090320165133709551e+01 6.032335165305922686e+01
1.991000574640273157e+01 3.496487643111970556e+01
1.919363155448478508e+01 5.966335277923353431e+01
2.880291756752836463e+01 2.621595858204685570e+01
1.552597289653492396e+01 5.439846132633262954e+01
2.171650649911782338e+01 6.940364951247184422e+01
1.681472371519936004e+01 2.509538913388778170e+01
1.896030198440742254e+01 5.665446992646275959e+01
2.988783737706857124e+01 5.558456358092674776e+01
2.523564870825918405e+01 3.857704883988895261e+01
1.193915849175469290e+01 3.579400161919507184e+01
1.756685789119254437e+01 3.150617747411743252e+01
2.332289040451950868e+01 6.513177198851002458e+01
2.555094030161394159e+01 5.005693215340848923e+01
2.631770222608843923e+01 5.822501972559779659e+01
1.031013589642363293e+01 6.127552080666097822e+01
1.356480185105967173e+01 6.253474832433636976e+01
2.452381778900023335e+01 3.326799836968961444e+01
2.387746404724189730e+01 4.339363808078509521e+01
1.482411145057011481e+01 2.862707344012375543e+01
1.505422107650724328e+01 6.663258321961311026e+01
1.221910294158281474e+01 3.980752906818347725e+01
1.741658366653981460e+01 4.621418458649258554e+01
1.345043295537141859e+01 3.240341206135565955e+01
1.295696429731260757e+01 4.416305487293488596e+01
2.703641853713740062e+01 4.948586807076918603e+01
1.057821111453825935e+01 5.109009261140533198e+01
2.131647592794016433e+01 6.566835976675938014e+01
